	Agile	Amber	Apple	Brave	Cedar	Crown	Dance	Drive	Dwell	Eagle	Earth	Fleet	Giant	Glint	Grace	Honor	Inlet	Joker	Kneel	Knife	Latch	Lemon	Magic	Mover	North	Novel	Ocean	Outer	Overt	Paint	Quiet	Quirk	Roast	Rocky	Shore	Smart	Spark	Storm	Trend	Truce	Unity	Value	Vapor	Water	Woven	Zebra
Agile	0.0	0.383084577114	0.415422885572	0.411609498681	0.421307506053	0.472941176471	0.4	0.469287469287	0.373711340206	0.386842105263	0.518918918919	0.405472636816	0.414572864322	0.440203562341	0.390476190476	0.450980392157	0.410126582278	0.407317073171	0.439024390244	0.382926829268	0.444444444444	0.426395939086	0.373762376238	0.528610354223	0.477806788512	0.888198757764	0.40625	0.354591836735	0.435695538058	0.437185929648	0.441396508728	0.454081632653	0.434666666667	0.384798099762	0.376315789474	0.398976982097	0.483957219251	0.487935656836	0.405128205128	0.848297213622	0.908256880734	0.8	0.428229665072	0.418952618454	0.460732984293	0.4
Amber	0.383084577114	0.0	0.383458646617	0.431876606684	0.398058252427	0.428229665072	0.428571428571	0.449631449631	0.433823529412	0.419847328244	0.497297297297	0.447368421053	0.414392059553	0.455223880597	0.351807228916	0.442822384428	0.402010050251	0.355721393035	0.446808510638	0.424882629108	0.427835051546	0.449382716049	0.412887828162	0.498630136986	0.507575757576	0.900900900901	0.371359223301	0.371571072319	0.467005076142	0.413098236776	0.459854014599	0.468827930175	0.450520833333	0.354066985646	0.401534526854	0.418952618454	0.454301075269	0.494736842105	0.459657701711	0.855421686747	0.907185628743	0.811940298507	0.416666666667	0.399002493766	0.451948051948	0.366925064599
Apple	0.415422885572	0.383458646617	0.0	0.420634920635	0.444711538462	0.451923076923	0.387700534759	0.470297029703	0.435	0.432989690722	0.520435967302	0.421836228288	0.394871794872	0.460759493671	0.375302663438	0.466992665037	0.426767676768	0.4039408867	0.477333333333	0.440758293839	0.449350649351	0.454773869347	0.432692307692	0.509749303621	0.521739130435	0.88643533123	0.39119804401	0.387909319899	0.507575757576	0.437974683544	0.426395939086	0.451030927835	0.44385026738	0.408018867925	0.402088772846	0.443609022556	0.485175202156	0.525065963061	0.430025445293	0.845911949686	0.913580246914	0.819018404908	0.40586797066	0.415617128463	0.457671957672	0.4525
Brave	0.411609498681	0.431876606684	0.420634920635	0.0	0.477611940299	0.469849246231	0.435261707989	0.477806788512	0.444736842105	0.425824175824	0.527536231884	0.451030927835	0.428191489362	0.417127071823	0.413965087282	0.458333333333	0.448548812665	0.411917098446	0.464183381089	0.454094292804	0.489247311828	0.453333333333	0.384816753927	0.516320474777	0.520435967302	0.888111888112	0.4425	0.407894736842	0.509383378016	0.480417754569	0.452380952381	0.47027027027	0.480555555556	0.435207823961	0.44474393531	0.445623342175	0.489971346705	0.507122507123	0.422764227642	0.839160839161	0.903114186851	0.821548821549	0.441919191919	0.424403183024	0.438746438746	0.430107526882
Cedar	0.421307506053	0.398058252427	0.444711538462	0.477611940299	0.0	0.415865384615	0.462686567164	0.456097560976	0.389447236181	0.422784810127	0.515957446809	0.396551724138	0.42118226601	0.422784810127	0.36276849642	0.430317848411	0.436274509804	0.413875598086	0.477922077922	0.386091127098	0.434782608696	0.428927680798	0.400479616307	0.560209424084	0.45974025974	0.904761904762	0.408983451537	0.406326034063	0.409448818898	0.447174447174	0.439803439803	0.448362720403	0.457364341085	0.372641509434	0.4325	0.417910447761	0.485564304462	0.473404255319	0.391857506361	0.859701492537	0.914201183432	0.823529411765	0.384987893462	0.436893203883	0.474489795918	0.43842364532
Crown	0.472941176471	0.428229665072	0.451923076923	0.469849246231	0.415865384615	0.0	0.4625	0.396946564885	0.420792079208	0.442211055276	0.52	0.423357664234	0.436274509804	0.418367346939	0.389150943396	0.357326478149	0.447432762836	0.443396226415	0.49354005168	0.404761904762	0.446428571429	0.436408977556	0.384428223844	0.55672823219	0.451443569554	0.897280966767	0.427230046948	0.436450839329	0.465648854962	0.450738916256	0.423940149626	0.420103092784	0.469072164948	0.413394919169	0.474327628362	0.440886699507	0.477453580902	0.481382978723	0.415617128463	0.872023809524	0.916666666667	0.818452380952	0.344139650873	0.462829736211	0.438320209974	0.449631449631
Dance	0.4	0.428571428571	0.387700534759	0.435261707989	0.462686567164	0.4625	0.0	0.474093264249	0.46529562982	0.382681564246	0.527220630372	0.455470737913	0.441253263708	0.430894308943	0.386934673367	0.474489795918	0.436842105263	0.432911392405	0.47323943662	0.4275	0.485333333333	0.469973890339	0.41475826972	0.520467836257	0.536	0.878892733564	0.41959798995	0.370666666667	0.497326203209	0.444444444444	0.452879581152	0.502617801047	0.450980392157	0.428223844282	0.380555555556	0.450261780105	0.463976945245	0.507042253521	0.456692913386	0.826388888889	0.897610921502	0.805369127517	0.430730478589	0.421052631579	0.490463215259	0.43085106383
Drive	0.469287469287	0.449631449631	0.470297029703	0.477806788512	0.456097560976	0.396946564885	0.474093264249	0.0	0.422680412371	0.488549618321	0.530555555556	0.437185929648	0.466165413534	0.473007712082	0.424460431655	0.411917098446	0.454314720812	0.453658536585	0.530343007916	0.436893203883	0.49354005168	0.458974358974	0.416873449132	0.572602739726	0.515789473684	0.902912621359	0.429268292683	0.454320987654	0.520512820513	0.484924623116	0.396825396825	0.442970822281	0.513089005236	0.441037735849	0.489898989899	0.533816425121	0.486187845304	0.498622589532	0.441860465116	0.875796178344	0.902597402597	0.81847133758	0.428571428571	0.450881612091	0.50656167979	0.4875
Dwell	0.373711340206	0.433823529412	0.435	0.444736842105	0.389447236181	0.420792079208	0.46529562982	0.422680412371	0.0	0.452442159383	0.495798319328	0.440594059406	0.45	0.444444444444	0.393719806763	0.431818181818	0.434010152284	0.418719211823	0.481182795699	0.40586797066	0.456919060052	0.454314720812	0.389027431421	0.538674033149	0.474666666667	0.898412698413	0.374064837905	0.382653061224	0.484455958549	0.429305912596	0.453400503778	0.478260869565	0.426229508197	0.384057971014	0.454081632653	0.443037974684	0.485013623978	0.484931506849	0.433333333333	0.857594936709	0.908517350158	0.82298136646	0.447115384615	0.450248756219	0.485564304462	0.444162436548
Eagle	0.386842105263	0.419847328244	0.432989690722	0.425824175824	0.422784810127	0.442211055276	0.382681564246	0.488549618321	0.452442159383	0.0	0.491279069767	0.442748091603	0.407407407407	0.459102902375	0.402469135802	0.461734693878	0.440104166667	0.416243654822	0.463483146067	0.43842364532	0.442934782609	0.448818897638	0.410126582278	0.54415954416	0.478021978022	0.884745762712	0.43842364532	0.366047745358	0.483957219251	0.431216931217	0.479591836735	0.501298701299	0.432584269663	0.431325301205	0.393442622951	0.437172774869	0.467236467236	0.492957746479	0.439473684211	0.848993288591	0.910299003322	0.816393442623	0.437810945274	0.428571428571	0.476839237057	0.425925925926
Earth	0.518918918919	0.497297297297	0.520435967302	0.527536231884	0.515957446809	0.52	0.527220630372	0.530555555556	0.495798319328	0.491279069767	0.0	0.549071618037	0.524725274725	0.546218487395	0.534005037783	0.509695290859	0.491525423729	0.525065963061	0.521472392638	0.502631578947	0.523255813953	0.530726256983	0.518421052632	0.542483660131	0.481366459627	0.871794871795	0.514360313316	0.494535519126	0.510385756677	0.533333333333	0.533149171271	0.537142857143	0.501519756839	0.505102040816	0.492795389049	0.505617977528	0.507886435331	0.512658227848	0.529247910864	0.822033898305	0.88085106383	0.766666666667	0.506631299735	0.478873239437	0.493902439024	0.463768115942
Fleet	0.405472636816	0.447368421053	0.421836228288	0.451030927835	0.396551724138	0.423357664234	0.455470737913	0.437185929648	0.440594059406	0.442748091603	0.549071618037	0.0	0.388746803069	0.438775510204	0.392857142857	0.406565656566	0.455665024631	0.428915662651	0.510362694301	0.431279620853	0.451030927835	0.420918367347	0.423076923077	0.506925207756	0.468421052632	0.891304347826	0.431279620853	0.405940594059	0.434210526316	0.474201474201	0.424242424242	0.412073490814	0.473958333333	0.417249417249	0.412371134021	0.4335839599	0.436464088398	0.474254742547	0.435768261965	0.851393188854	0.904615384615	0.810397553517	0.39608801956	0.401515151515	0.451187335092	0.430730478589
Giant	0.414572864322	0.414392059553	0.394871794872	0.428191489362	0.42118226601	0.436274509804	0.441253263708	0.466165413534	0.45	0.407407407407	0.524725274725	0.388746803069	0.0	0.452442159383	0.366093366093	0.407692307692	0.42199488491	0.422604422604	0.489304812834	0.394088669951	0.464935064935	0.4140625	0.408866995074	0.51404494382	0.470588235294	0.887820512821	0.401960784314	0.422885572139	0.480519480519	0.437340153453	0.429667519182	0.430079155673	0.488188976378	0.403341288783	0.425974025974	0.4625	0.472527472527	0.513440860215	0.457070707071	0.850318471338	0.911949685535	0.811912225705	0.393034825871	0.418781725888	0.473544973545	0.428205128205
Glint	0.440203562341	0.455223880597	0.460759493671	0.417127071823	0.422784810127	0.418367346939	0.430894308943	0.473007712082	0.444444444444	0.459102902375	0.546218487395	0.438775510204	0.452442159383	0.0	0.406403940887	0.437823834197	0.498746867168	0.44	0.493112947658	0.415	0.434426229508	0.424	0.406091370558	0.564606741573	0.478021978022	0.888513513514	0.418952618454	0.444444444444	0.471698113208	0.491094147583	0.389189189189	0.477572559367	0.5	0.45	0.444444444444	0.403743315508	0.488764044944	0.44476744186	0.405913978495	0.848993288591	0.921052631579	0.835483870968	0.441687344913	0.440721649485	0.493261455526	0.470437017995
Grace	0.390476190476	0.351807228916	0.375302663438	0.413965087282	0.36276849642	0.389150943396	0.386934673367	0.424460431655	0.393719806763	0.402469135802	0.534005037783	0.392857142857	0.366093366093	0.406403940887	0.0	0.399038461538	0.393203883495	0.398601398601	0.423772609819	0.363849765258	0.425742574257	0.427884615385	0.362559241706	0.520618556701	0.487745098039	0.905027932961	0.344418052257	0.367788461538	0.459657701711	0.430622009569	0.392682926829	0.446601941748	0.403598971722	0.35103926097	0.404411764706	0.41726618705	0.478481012658	0.486075949367	0.419277108434	0.859550561798	0.913888888889	0.828729281768	0.374117647059	0.362745098039	0.456575682382	0.383292383292
Honor	0.450980392157	0.442822384428	0.466992665037	0.458333333333	0.430317848411	0.357326478149	0.474489795918	0.411917098446	0.431818181818	0.461734693878	0.509695290859	0.406565656566	0.407692307692	0.437823834197	0.399038461538	0.0	0.45885286783	0.450602409639	0.514435695538	0.415048543689	0.466321243523	0.43989769821	0.398514851485	0.527777777778	0.459677419355	0.895238095238	0.430288461538	0.473557692308	0.445623342175	0.462311557789	0.414948453608	0.455958549223	0.524296675192	0.456221198157	0.455470737913	0.486486486486	0.490514905149	0.522666666667	0.422680412371	0.858044164038	0.901898734177	0.816199376947	0.378446115288	0.455445544554	0.486910994764	0.487684729064
Inlet	0.410126582278	0.402010050251	0.426767676768	0.448548812665	0.436274509804	0.447432762836	0.436842105263	0.454314720812	0.434010152284	0.440104166667	0.491525423729	0.455665024631	0.42199488491	0.498746867168	0.393203883495	0.45885286783	0.0	0.410447761194	0.481081081081	0.424757281553	0.460732984293	0.430051813472	0.408415841584	0.534818941504	0.498680738786	0.886731391586	0.424757281553	0.4225	0.503856041131	0.441025641026	0.468671679198	0.489795918367	0.484126984127	0.402877697842	0.453846153846	0.477611940299	0.489071038251	0.476454293629	0.441025641026	0.84142394822	0.907643312102	0.813880126183	0.427872860636	0.414322250639	0.489473684211	0.435897435897
Joker	0.407317073171	0.355721393035	0.4039408867	0.411917098446	0.413875598086	0.443396226415	0.432911392405	0.453658536585	0.418719211823	0.416243654822	0.525065963061	0.428915662651	0.422604422604	0.44	0.398601398601	0.450602409639	0.410447761194	0.0	0.494871794872	0.379807692308	0.436224489796	0.406565656566	0.378640776699	0.49863760218	0.511278195489	0.901785714286	0.371980676329	0.376237623762	0.4825	0.42144638404	0.444987775061	0.472772277228	0.450777202073	0.354761904762	0.422110552764	0.4075	0.470899470899	0.494764397906	0.425373134328	0.860119047619	0.917647058824	0.834302325581	0.358722358722	0.399503722084	0.479695431472	0.439803439803
Kneel	0.439024390244	0.446808510638	0.477333333333	0.464183381089	0.477922077922	0.49354005168	0.47323943662	0.530343007916	0.481182795699	0.463483146067	0.521472392638	0.510362694301	0.489304812834	0.493112947658	0.423772609819	0.514435695538	0.481081081081	0.494871794872	0.0	0.46529562982	0.481586402266	0.506738544474	0.488491048593	0.532507739938	0.53125	0.868217054264	0.484771573604	0.447721179625	0.481375358166	0.517333333333	0.53280839895	0.540540540541	0.449404761905	0.449494949495	0.469444444444	0.474114441417	0.5	0.517857142857	0.501347708895	0.813953488372	0.897727272727	0.786516853933	0.533498759305	0.47311827957	0.486956521739	0.419263456091
Knife	0.382926829268	0.424882629108	0.440758293839	0.454094292804	0.386091127098	0.404761904762	0.4275	0.436893203883	0.40586797066	0.43842364532	0.502631578947	0.431279620853	0.394088669951	0.415	0.363849765258	0.415048543689	0.424757281553	0.379807692308	0.46529562982	0.0	0.4425	0.42118226601	0.400943396226	0.550387596899	0.443298969072	0.898255813953	0.335766423358	0.402877697842	0.437974683544	0.420147420147	0.424390243902	0.428571428571	0.48	0.346698113208	0.443902439024	0.421951219512	0.460732984293	0.52644836272	0.388471177945	0.860869565217	0.913793103448	0.82905982906	0.36231884058	0.40243902439	0.458227848101	0.449519230769
Latch	0.444444444444	0.427835051546	0.449350649351	0.489247311828	0.434782608696	0.446428571429	0.485333333333	0.49354005168	0.456919060052	0.442934782609	0.523255813953	0.451030927835	0.464935064935	0.434426229508	0.425742574257	0.466321243523	0.460732984293	0.436224489796	0.481586402266	0.4425	0.0	0.473684210526	0.445843828715	0.538011695906	0.487465181058	0.884210526316	0.426767676768	0.43669250646	0.468319559229	0.452127659574	0.44414893617	0.432132963989	0.459154929577	0.427518427518	0.436314363144	0.428954423592	0.485632183908	0.498567335244	0.468421052632	0.843205574913	0.910652920962	0.809523809524	0.430025445293	0.44094488189	0.498630136986	0.434316353887
Lemon	0.426395939086	0.449382716049	0.454773869347	0.453333333333	0.428927680798	0.436408977556	0.469973890339	0.458974358974	0.454314720812	0.448818897638	0.530726256983	0.420918367347	0.4140625	0.424	0.427884615385	0.43989769821	0.430051813472	0.406565656566	0.506738544474	0.42118226601	0.473684210526	0.0	0.424317617866	0.528409090909	0.491935483871	0.887417218543	0.42118226601	0.465517241379	0.481481481481	0.46547314578	0.4296875	0.475195822454	0.485254691689	0.429594272076	0.430079155673	0.459183673469	0.456090651558	0.502762430939	0.425196850394	0.848684210526	0.912337662338	0.820512820513	0.44362745098	0.47	0.474393530997	0.475949367089
Magic	0.373762376238	0.412887828162	0.432692307692	0.384816753927	0.400479616307	0.384428223844	0.41475826972	0.416873449132	0.389027431421	0.410126582278	0.518421052632	0.423076923077	0.408866995074	0.406091370558	0.362559241706	0.398514851485	0.408415841584	0.378640776699	0.488491048593	0.400943396226	0.445843828715	0.424317617866	0.0	0.512064343164	0.474489795918	0.902941176471	0.404705882353	0.37037037037	0.464824120603	0.438725490196	0.41975308642	0.4475	0.48743718593	0.398617511521	0.435643564356	0.42118226601	0.511508951407	0.4921875	0.415422885572	0.861764705882	0.918604651163	0.819241982507	0.380722891566	0.443645083933	0.465648854962	0.410447761194
Mover	0.528610354223	0.498630136986	0.509749303621	0.516320474777	0.560209424084	0.55672823219	0.520467836257	0.572602739726	0.538674033149	0.54415954416	0.542483660131	0.506925207756	0.51404494382	0.564606741573	0.520618556701	0.527777777778	0.534818941504	0.49863760218	0.532507739938	0.550387596899	0.538011695906	0.528409090909	0.512064343164	0.0	0.551204819277	0.85201793722	0.531413612565	0.5	0.542772861357	0.518518518519	0.530898876404	0.543352601156	0.581871345029	0.517948717949	0.498542274052	0.507122507123	0.519108280255	0.574074074074	0.559556786704	0.805309734513	0.871681415929	0.758620689655	0.527851458886	0.534435261708	0.549253731343	0.533707865169
North	0.477806788512	0.507575757576	0.521739130435	0.520435967302	0.45974025974	0.451443569554	0.536	0.515789473684	0.474666666667	0.478021978022	0.481366459627	0.468421052632	0.470588235294	0.478021978022	0.487745098039	0.459677419355	0.498680738786	0.511278195489	0.53125	0.443298969072	0.487465181058	0.491935483871	0.474489795918	0.551204819277	0.0	0.880149812734	0.501240694789	0.489690721649	0.465714285714	0.498666666667	0.457765667575	0.509536784741	0.491428571429	0.485365853659	0.515957446809	0.471698113208	0.527536231884	0.492537313433	0.444751381215	0.85347985348	0.908424908425	0.805054151625	0.450777202073	0.510362694301	0.479885057471	0.489304812834
Novel	0.888198757764	0.900900900901	0.88643533123	0.888111888112	0.904761904762	0.897280966767	0.878892733564	0.902912621359	0.898412698413	0.884745762712	0.871794871795	0.891304347826	0.887820512821	0.888513513514	0.905027932961	0.895238095238	0.886731391586	0.901785714286	0.868217054264	0.898255813953	0.884210526316	0.887417218543	0.902941176471	0.85201793722	0.880149812734	0.0	0.91091954023	0.89263803681	0.881720430108	0.888157894737	0.892857142857	0.893470790378	0.881918819188	0.903047091413	0.886287625418	0.885993485342	0.872509960159	0.870967741935	0.895424836601	0.686567164179	0.762711864407	0.691358024691	0.899705014749	0.899371069182	0.874074074074	0.892508143322
Ocean	0.40625	0.371359223301	0.39119804401	0.4425	0.408983451537	0.427230046948	0.41959798995	0.429268292683	0.374064837905	0.43842364532	0.514360313316	0.431279620853	0.401960784314	0.418952618454	0.344418052257	0.430288461538	0.424757281553	0.371980676329	0.484771573604	0.335766423358	0.426767676768	0.42118226601	0.404705882353	0.531413612565	0.501240694789	0.91091954023	0.0	0.383495145631	0.480295566502	0.420147420147	0.40099009901	0.444168734491	0.445012787724	0.342789598109	0.443902439024	0.421951219512	0.460732984293	0.484455958549	0.408415841584	0.867435158501	0.913793103448	0.832386363636	0.385714285714	0.378712871287	0.462121212121	0.438256658596
Outer	0.354591836735	0.371571072319	0.387909319899	0.407894736842	0.406326034063	0.436450839329	0.370666666667	0.454320987654	0.382653061224	0.366047745358	0.494535519126	0.405940594059	0.422885572139	0.444444444444	0.367788461538	0.473557692308	0.4225	0.376237623762	0.447721179625	0.402877697842	0.43669250646	0.465517241379	0.37037037037	0.5	0.489690721649	0.89263803681	0.383495145631	0.0	0.479695431472	0.445273631841	0.445544554455	0.503685503686	0.479381443299	0.366028708134	0.376963350785	0.4275	0.48	0.515706806283	0.421717171717	0.849693251534	0.905775075988	0.81981981982	0.424821002387	0.40350877193	0.456919060052	0.404580152672
Overt	0.435695538058	0.467005076142	0.507575757576	0.509383378016	0.409448818898	0.465648854962	0.497326203209	0.520512820513	0.484455958549	0.483957219251	0.510385756677	0.434210526316	0.480519480519	0.471698113208	0.459657701711	0.445623342175	0.503856041131	0.4825	0.481375358166	0.437974683544	0.468319559229	0.481481481481	0.464824120603	0.542772861357	0.465714285714	0.881720430108	0.480295566502	0.479695431472	0.0	0.472148541114	0.443548387097	0.482384823848	0.493036211699	0.453658536585	0.493403693931	0.449197860963	0.472140762463	0.485380116959	0.439024390244	0.835714285714	0.897163120567	0.79298245614	0.453164556962	0.464751958225	0.498614958449	0.44204851752
Paint	0.437185929648	0.413098236776	0.437974683544	0.480417754569	0.447174447174	0.450738916256	0.444444444444	0.484924623116	0.429305912596	0.431216931217	0.533333333333	0.474201474201	0.437340153453	0.491094147583	0.430622009569	0.462311557789	0.441025641026	0.42144638404	0.517333333333	0.420147420147	0.452127659574	0.46547314578	0.438725490196	0.518518518519	0.498666666667	0.888157894737	0.420147420147	0.445273631841	0.472148541114	0.0	0.452685421995	0.477922077922	0.507894736842	0.409638554217	0.433070866142	0.438144329897	0.476323119777	0.537634408602	0.468193384224	0.849673202614	0.909385113269	0.814102564103	0.427160493827	0.468827930175	0.48128342246	0.451282051282
Quiet	0.441396508728	0.459854014599	0.426395939086	0.452380952381	0.439803439803	0.423940149626	0.452879581152	0.396825396825	0.453400503778	0.479591836735	0.533149171271	0.424242424242	0.429667519182	0.389189189189	0.392682926829	0.414948453608	0.468671679198	0.444987775061	0.53280839895	0.424390243902	0.44414893617	0.4296875	0.41975308642	0.530898876404	0.457765667575	0.892857142857	0.40099009901	0.445544554455	0.443548387097	0.452685421995	0.0	0.47012987013	0.496042216359	0.458139534884	0.5	0.426356589147	0.467966573816	0.472067039106	0.382352941176	0.854838709677	0.906752411576	0.812101910828	0.403990024938	0.434010152284	0.477333333333	0.474874371859
Quirk	0.454081632653	0.468827930175	0.451030927835	0.47027027027	0.448362720403	0.420103092784	0.502617801047	0.442970822281	0.478260869565	0.501298701299	0.537142857143	0.412073490814	0.430079155673	0.477572559367	0.446601941748	0.455958549223	0.489795918367	0.472772277228	0.540540540541	0.428571428571	0.432132963989	0.475195822454	0.4475	0.543352601156	0.509536784741	0.893470790378	0.444168734491	0.503685503686	0.482384823848	0.477922077922	0.47012987013	0.0	0.490410958904	0.440677966102	0.467018469657	0.418230563003	0.487179487179	0.512676056338	0.477922077922	0.857142857143	0.900684931507	0.8	0.455223880597	0.426315789474	0.483516483516	0.46875
Roast	0.434666666667	0.450520833333	0.44385026738	0.480555555556	0.457364341085	0.469072164948	0.450980392157	0.513089005236	0.426229508197	0.432584269663	0.501519756839	0.473958333333	0.488188976378	0.5	0.403598971722	0.524296675192	0.484126984127	0.450777202073	0.449404761905	0.48	0.459154929577	0.485254691689	0.48743718593	0.581871345029	0.491428571429	0.881918819188	0.445012787724	0.479381443299	0.493036211699	0.507894736842	0.496042216359	0.490410958904	0.0	0.4375	0.443213296399	0.473262032086	0.494117647059	0.489614243323	0.492021276596	0.834558823529	0.909747292419	0.803571428571	0.513580246914	0.447721179625	0.463976945245	0.436813186813
Rocky	0.384798099762	0.354066985646	0.408018867925	0.435207823961	0.372641509434	0.413394919169	0.428223844282	0.441037735849	0.384057971014	0.431325301205	0.505102040816	0.417249417249	0.403341288783	0.45	0.35103926097	0.456221198157	0.402877697842	0.354761904762	0.449494949495	0.346698113208	0.427518427518	0.429594272076	0.398617511521	0.517948717949	0.485365853659	0.903047091413	0.342789598109	0.366028708134	0.453658536585	0.409638554217	0.458139534884	0.440677966102	0.4375	0.0	0.417874396135	0.372549019608	0.483709273183	0.475949367089	0.421052631579	0.870523415978	0.920765027322	0.830601092896	0.402298850575	0.360975609756	0.454320987654	0.361386138614
Shore	0.376315789474	0.401534526854	0.402088772846	0.44474393531	0.4325	0.474327628362	0.380555555556	0.489898989899	0.454081632653	0.393442622951	0.492795389049	0.412371134021	0.425974025974	0.444444444444	0.404411764706	0.455470737913	0.453846153846	0.422110552764	0.469444444444	0.443902439024	0.436314363144	0.430079155673	0.435643564356	0.498542274052	0.515957446809	0.886287625418	0.443902439024	0.376963350785	0.493403693931	0.433070866142	0.5	0.467018469657	0.443213296399	0.417874396135	0.0	0.438961038961	0.45584045584	0.531335149864	0.441253263708	0.835570469799	0.900662251656	0.803278688525	0.462287104623	0.409921671018	0.46174863388	0.381081081081
Smart	0.398976982097	0.418952618454	0.443609022556	0.445623342175	0.417910447761	0.440886699507	0.450261780105	0.533816425121	0.443037974684	0.437172774869	0.505617977528	0.4335839599	0.4625	0.403743315508	0.41726618705	0.486486486486	0.477611940299	0.4075	0.474114441417	0.421951219512	0.428954423592	0.459183673469	0.42118226601	0.507122507123	0.471698113208	0.885993485342	0.421951219512	0.4275	0.449197860963	0.438144329897	0.426356589147	0.418230563003	0.473262032086	0.372549019608	0.438961038961	0.0	0.510810810811	0.490358126722	0.442159383033	0.844155844156	0.914012738854	0.820189274448	0.425061425061	0.443324937028	0.466487935657	0.395778364116
Spark	0.483957219251	0.454301075269	0.485175202156	0.489971346705	0.485564304462	0.477453580902	0.463976945245	0.486187845304	0.485013623978	0.467236467236	0.507886435331	0.436464088398	0.472527472527	0.488764044944	0.478481012658	0.490514905149	0.489071038251	0.470899470899	0.5	0.460732984293	0.485632183908	0.456090651558	0.511508951407	0.519108280255	0.527536231884	0.872509960159	0.460732984293	0.48	0.472140762463	0.476323119777	0.467966573816	0.487179487179	0.494117647059	0.483709273183	0.45584045584	0.510810810811	0.0	0.504587155963	0.484764542936	0.826086956522	0.880952380952	0.774319066148	0.484375	0.472677595628	0.48224852071	0.453521126761
Storm	0.487935656836	0.494736842105	0.525065963061	0.507122507123	0.473404255319	0.481382978723	0.507042253521	0.498622589532	0.484931506849	0.492957746479	0.512658227848	0.474254742547	0.513440860215	0.44476744186	0.486075949367	0.522666666667	0.476454293629	0.494764397906	0.517857142857	0.52644836272	0.498567335244	0.502762430939	0.4921875	0.574074074074	0.492537313433	0.870967741935	0.484455958549	0.515706806283	0.485380116959	0.537634408602	0.472067039106	0.512676056338	0.489614243323	0.475949367089	0.531335149864	0.490358126722	0.504587155963	0.0	0.47619047619	0.814516129032	0.884	0.785992217899	0.507731958763	0.497297297297	0.5	0.474860335196
Trend	0.405128205128	0.459657701711	0.430025445293	0.422764227642	0.391857506361	0.415617128463	0.456692913386	0.441860465116	0.433333333333	0.439473684211	0.529247910864	0.435768261965	0.457070707071	0.405913978495	0.419277108434	0.422680412371	0.441025641026	0.425373134328	0.501347708895	0.388471177945	0.468421052632	0.425196850394	0.415422885572	0.559556786704	0.444751381215	0.895424836601	0.408415841584	0.421717171717	0.439024390244	0.468193384224	0.382352941176	0.477922077922	0.492021276596	0.421052631579	0.441253263708	0.442159383033	0.484764542936	0.47619047619	0.0	0.845901639344	0.912903225806	0.829113924051	0.387341772152	0.445569620253	0.48128342246	0.486215538847
Truce	0.848297213622	0.855421686747	0.845911949686	0.839160839161	0.859701492537	0.872023809524	0.826388888889	0.875796178344	0.857594936709	0.848993288591	0.822033898305	0.851393188854	0.850318471338	0.848993288591	0.859550561798	0.858044164038	0.84142394822	0.860119047619	0.813953488372	0.860869565217	0.843205574913	0.848684210526	0.861764705882	0.805309734513	0.85347985348	0.686567164179	0.867435158501	0.849693251534	0.835714285714	0.849673202614	0.854838709677	0.857142857143	0.834558823529	0.870523415978	0.835570469799	0.844155844156	0.826086956522	0.814516129032	0.845901639344	0.0	0.757142857143	0.681318681319	0.871720116618	0.851735015773	0.839416058394	0.843137254902
Unity	0.908256880734	0.907185628743	0.913580246914	0.903114186851	0.914201183432	0.916666666667	0.897610921502	0.902597402597	0.908517350158	0.910299003322	0.88085106383	0.904615384615	0.911949685535	0.921052631579	0.913888888889	0.901898734177	0.907643312102	0.917647058824	0.897727272727	0.913793103448	0.910652920962	0.912337662338	0.918604651163	0.871681415929	0.908424908425	0.762711864407	0.913793103448	0.905775075988	0.897163120567	0.909385113269	0.906752411576	0.900684931507	0.909747292419	0.920765027322	0.900662251656	0.914012738854	0.880952380952	0.884	0.912903225806	0.757142857143	0.0	0.75	0.915451895044	0.905956112853	0.894160583942	0.902912621359
Value	0.8	0.811940298507	0.819018404908	0.821548821549	0.823529411765	0.818452380952	0.805369127517	0.81847133758	0.82298136646	0.816393442623	0.766666666667	0.810397553517	0.811912225705	0.835483870968	0.828729281768	0.816199376947	0.813880126183	0.834302325581	0.786516853933	0.82905982906	0.809523809524	0.820512820513	0.819241982507	0.758620689655	0.805054151625	0.691358024691	0.832386363636	0.81981981982	0.79298245614	0.814102564103	0.812101910828	0.8	0.803571428571	0.830601092896	0.803278688525	0.820189274448	0.774319066148	0.785992217899	0.829113924051	0.681318681319	0.75	0.0	0.832853025937	0.8173374613	0.778181818182	0.792207792208
Vapor	0.428229665072	0.416666666667	0.40586797066	0.441919191919	0.384987893462	0.344139650873	0.430730478589	0.428571428571	0.447115384615	0.437810945274	0.506631299735	0.39608801956	0.393034825871	0.441687344913	0.374117647059	0.378446115288	0.427872860636	0.358722358722	0.533498759305	0.36231884058	0.430025445293	0.44362745098	0.380722891566	0.527851458886	0.450777202073	0.899705014749	0.385714285714	0.424821002387	0.453164556962	0.427160493827	0.403990024938	0.455223880597	0.513580246914	0.402298850575	0.462287104623	0.425061425061	0.484375	0.507731958763	0.387341772152	0.871720116618	0.915451895044	0.832853025937	0.0	0.405405405405	0.473417721519	0.467625899281
Water	0.418952618454	0.399002493766	0.415617128463	0.424403183024	0.436893203883	0.462829736211	0.421052631579	0.450881612091	0.450248756219	0.428571428571	0.478873239437	0.401515151515	0.418781725888	0.440721649485	0.362745098039	0.455445544554	0.414322250639	0.399503722084	0.47311827957	0.40243902439	0.44094488189	0.47	0.443645083933	0.534435261708	0.510362694301	0.899371069182	0.378712871287	0.40350877193	0.464751958225	0.468827930175	0.434010152284	0.426315789474	0.447721179625	0.360975609756	0.409921671018	0.443324937028	0.472677595628	0.497297297297	0.445569620253	0.851735015773	0.905956112853	0.8173374613	0.405405405405	0.0	0.457446808511	0.424552429668
Woven	0.460732984293	0.451948051948	0.457671957672	0.438746438746	0.474489795918	0.438320209974	0.490463215259	0.50656167979	0.485564304462	0.476839237057	0.493902439024	0.451187335092	0.473544973545	0.493261455526	0.456575682382	0.486910994764	0.489473684211	0.479695431472	0.486956521739	0.458227848101	0.498630136986	0.474393530997	0.465648854962	0.549253731343	0.479885057471	0.874074074074	0.462121212121	0.456919060052	0.498614958449	0.48128342246	0.477333333333	0.483516483516	0.463976945245	0.454320987654	0.46174863388	0.466487935657	0.48224852071	0.5	0.48128342246	0.839416058394	0.894160583942	0.778181818182	0.473417721519	0.457446808511	0.0	0.451086956522
Zebra	0.4	0.366925064599	0.4525	0.430107526882	0.43842364532	0.449631449631	0.43085106383	0.4875	0.444162436548	0.425925925926	0.463768115942	0.430730478589	0.428205128205	0.470437017995	0.383292383292	0.487684729064	0.435897435897	0.439803439803	0.419263456091	0.449519230769	0.434316353887	0.475949367089	0.410447761194	0.533707865169	0.489304812834	0.892508143322	0.438256658596	0.404580152672	0.44204851752	0.451282051282	0.474874371859	0.46875	0.436813186813	0.361386138614	0.381081081081	0.395778364116	0.453521126761	0.474860335196	0.486215538847	0.843137254902	0.902912621359	0.792207792208	0.467625899281	0.424552429668	0.451086956522	0.0