	Agile	Amber	Apple	Brave	Cedar	Crown	Dance	Drive	Dwell	Eagle	Earth	Fleet	Giant	Glint	Grace	Honor	Inlet	Joker	Kneel	Knife	Latch	Lemon	Magic	Mover	North	Novel	Ocean	Outer	Overt	Paint	Quiet	Quirk	Roast	Rocky	Shore	Smart	Spark	Storm	Trend	Truce	Unity	Value	Vapor	Water	Woven	Zebra
Agile	0.0	0.587335774284	0.323348134403	0.600936711901	0.510120747532	0.50558944492	0.604580406041	0.621628245386	0.587607546784	0.413564219198	0.56882407873	0.538856775851	0.537182222764	0.698891300522	0.366995218113	0.628206121658	0.533375585223	0.494894153041	0.638339485428	0.365795751841	0.604733727811	0.599175459058	0.639868951613	0.503738752539	0.505541636588	0.992734716815	0.39070327553	0.366802975809	0.596160991834	0.523014695681	0.627014696533	0.562989250894	0.447920623925	0.326391041891	0.497849200552	0.475759987645	0.555526381431	0.555391432792	0.466176667112	0.985840283194	0.989662840315	0.957013396375	0.436365422879	0.338431790036	0.63691891126	0.444594007356
Amber	0.587335774284	0.0	0.542151663903	0.496174952018	0.507020094398	0.467398155714	0.441021436102	0.594470304526	0.519080365391	0.682490421982	0.42479115602	0.43373307029	0.444915254237	0.501931803449	0.606435405713	0.600476917606	0.512396815389	0.396617190197	0.344128801098	0.462655746885	0.32971991832	0.51467754732	0.498124907722	0.635024270185	0.551823322933	0.982477849824	0.461407417114	0.568777271405	0.689858519785	0.626673741378	0.62743083004	0.642453024985	0.514989561587	0.525230188774	0.433130939214	0.537172813256	0.537294835439	0.534828981243	0.529630366979	0.965551084503	0.975559278605	0.913611203104	0.519258615696	0.465874325255	0.4	0.479003800637
Apple	0.323348134403	0.542151663903	0.0	0.588991396289	0.538353351523	0.470717469085	0.557554975304	0.654683383141	0.564967530602	0.323074953048	0.597969476434	0.471712978395	0.510459737176	0.672620849733	0.301164973969	0.673605450099	0.512818210389	0.441664955158	0.554814466886	0.444158240744	0.494946826078	0.528521321765	0.598166344011	0.456856052496	0.563451940626	0.991190499367	0.354210965467	0.33436387225	0.692422766148	0.448727152895	0.668060820546	0.63718461028	0.31338219999	0.353624222249	0.434133022457	0.598250381072	0.659207853256	0.567240652463	0.533163882837	0.982698039596	0.98747055824	0.957407319279	0.478592262396	0.442150744119	0.565934767928	0.466448636337
Brave	0.600936711901	0.496174952018	0.588991396289	0.0	0.459053916582	0.470532080591	0.433679644947	0.435172984402	0.491222694042	0.629509699974	0.451411252131	0.412033076704	0.426128881956	0.404434939217	0.676616345355	0.504890794587	0.651057170037	0.522609279883	0.495394473368	0.438455141828	0.299361318849	0.433383634328	0.501621481385	0.664125164477	0.333807079879	0.979503901246	0.471937762959	0.475770562057	0.679491305075	0.650739569854	0.502554077064	0.467324508271	0.639200647363	0.655750902433	0.418713960362	0.51512799115	0.481743606241	0.442737578133	0.356014984115	0.961035218168	0.970460469157	0.901811354098	0.430709920846	0.474462139322	0.418872080593	0.609316498371
Cedar	0.510120747532	0.507020094398	0.538353351523	0.459053916582	0.0	0.385961603742	0.529313866404	0.454953874338	0.507893932706	0.556773556268	0.583401431049	0.397728916534	0.421727945289	0.508983509722	0.616874202172	0.482982171799	0.569278261091	0.519482811172	0.525238847514	0.37366896859	0.403546070841	0.414061061393	0.584801162157	0.715599935952	0.353392560773	0.988418766862	0.383693874984	0.478334088995	0.59948959949	0.665243910649	0.498774489645	0.37080568397	0.584163502983	0.595983775517	0.427019488384	0.413470894404	0.541655651316	0.472614563716	0.310263908444	0.976970133141	0.983008036739	0.935074055158	0.360210370084	0.44036242461	0.545939080538	0.541893028285
Crown	0.50558944492	0.467398155714	0.470717469085	0.470532080591	0.385961603742	0.0	0.395094289859	0.450084470435	0.471083682658	0.541646834841	0.523682673209	0.257772399115	0.37284666244	0.496737396684	0.553687549564	0.503674436981	0.510645488341	0.417056351098	0.518364851291	0.316410093901	0.395856873823	0.388680531879	0.435138230002	0.613411392508	0.292241713621	0.984532499131	0.307095856304	0.372687483909	0.619015694772	0.628470197784	0.510006927153	0.424350643015	0.512219244513	0.560490489524	0.361405891841	0.405985811152	0.467393286198	0.438873342814	0.295626822157	0.969988357552	0.977842212317	0.9248434238	0.265309112218	0.413953773527	0.458938250756	0.464753697863
Dance	0.604580406041	0.441021436102	0.557554975304	0.433679644947	0.529313866404	0.395094289859	0.0	0.493281148076	0.589123749465	0.567098534828	0.630249736194	0.395093770931	0.325074925075	0.2533714951	0.62073897497	0.460392312265	0.550898879576	0.493659800398	0.451318902813	0.454445131841	0.357287975431	0.515413228441	0.365637319317	0.664906573376	0.385354911072	0.984343566868	0.475392296719	0.352400973667	0.716889938955	0.681814776524	0.403037756041	0.425557317049	0.509961943139	0.596740260682	0.473874717881	0.489295513728	0.515718030522	0.531025593813	0.41566743263	0.969358968795	0.977261837348	0.93218487395	0.412244298358	0.404614864657	0.538604600279	0.516449272136
Drive	0.621628245386	0.594470304526	0.654683383141	0.435172984402	0.454953874338	0.450084470435	0.493281148076	0.0	0.604734528238	0.68578648321	0.685980573803	0.482344858047	0.540181545636	0.434059348049	0.684290449282	0.491196170046	0.706561408455	0.608797555769	0.608762072448	0.533987571992	0.467301101765	0.480618790089	0.405931198102	0.760175814435	0.379663975562	0.978286940605	0.54746519355	0.562207393285	0.687917441525	0.764459626913	0.449740484429	0.447379169503	0.687003512564	0.733520077164	0.507197756803	0.527412542832	0.603631364369	0.581606039808	0.451563150293	0.963416156824	0.967741935484	0.908565297729	0.504753873722	0.601005665478	0.622545700745	0.664745055164
Dwell	0.587607546784	0.519080365391	0.564967530602	0.491222694042	0.507893932706	0.471083682658	0.589123749465	0.604734528238	0.0	0.667230973061	0.519013867488	0.461993086273	0.525415404764	0.586821278937	0.614250674516	0.658796460177	0.584035580524	0.422574335541	0.543058404614	0.480656773547	0.458602150538	0.502007271626	0.642558390902	0.65497537239	0.488907214836	0.987818383167	0.470777652552	0.558598028478	0.683148605876	0.638949581564	0.642015077665	0.581849692768	0.593075487108	0.60002704652	0.450449090497	0.534095400718	0.50029869119	0.439346780387	0.479591836735	0.976815383028	0.982267913202	0.931210191083	0.486344398889	0.519993251223	0.439907966098	0.551396777401
Eagle	0.413564219198	0.682490421982	0.323074953048	0.629509699974	0.556773556268	0.541646834841	0.567098534828	0.68578648321	0.667230973061	0.0	0.748292870588	0.514901044742	0.557123237825	0.658296667881	0.236237316371	0.672141722906	0.614173696091	0.542208671289	0.700667704732	0.453932959031	0.60274879947	0.61724478652	0.663666636666	0.606654327613	0.530430071114	0.99324579277	0.455125379851	0.391318777707	0.73651987773	0.602328678042	0.653217587319	0.581292856176	0.450105744745	0.460387791996	0.584561112264	0.624094234005	0.682466067625	0.656510749327	0.508717054661	0.986761691645	0.99039457576	0.968667729615	0.469218402761	0.484900033602	0.743542075831	0.591374696238
Earth	0.56882407873	0.42479115602	0.597969476434	0.451411252131	0.583401431049	0.523682673209	0.630249736194	0.685980573803	0.519013867488	0.748292870588	0.0	0.529962505269	0.588592603912	0.664737183647	0.717801859711	0.676345594239	0.656646567786	0.499673741987	0.501921240772	0.509596525637	0.455724632195	0.533703913783	0.683429416112	0.64879934323	0.583886394691	0.982939046769	0.543473780842	0.627287724406	0.611095961724	0.631156500828	0.699050632911	0.663773506923	0.659329823682	0.652388035449	0.495470257326	0.464670922298	0.470370688914	0.471591606332	0.563442336219	0.966368374471	0.974721042757	0.915248613547	0.583190029949	0.451779904153	0.32864737153	0.577188263303
Fleet	0.538856775851	0.43373307029	0.471712978395	0.412033076704	0.397728916534	0.257772399115	0.395093770931	0.482344858047	0.461993086273	0.514901044742	0.529962505269	0.0	0.369935459179	0.460371999267	0.502630295876	0.542175507581	0.492864354517	0.395286265877	0.449117989682	0.371479071262	0.323115420707	0.356379303337	0.478642571106	0.664082768597	0.315016805812	0.985846445797	0.329664319409	0.391697260661	0.632812408955	0.589671673727	0.517516295272	0.436333401842	0.43961456762	0.518100876266	0.390816698384	0.40530118866	0.488681035651	0.431729008632	0.342598115233	0.972986768228	0.979515461887	0.929388439835	0.308828182681	0.378513669619	0.502551870945	0.475485913173
Giant	0.537182222764	0.444915254237	0.510459737176	0.426128881956	0.421727945289	0.37284666244	0.325074925075	0.540181545636	0.525415404764	0.557123237825	0.588592603912	0.369935459179	0.0	0.37335820163	0.601464496521	0.511275071871	0.447805096	0.511253022506	0.459630358982	0.380441349944	0.363068585814	0.38408427016	0.565307667352	0.670250289229	0.332059781998	0.989009302183	0.419702980832	0.390537264409	0.630220866277	0.685773336124	0.498967762427	0.406282894737	0.437857291162	0.488059039313	0.421982249043	0.326360457819	0.43857564751	0.429705578027	0.321604112753	0.978685721265	0.984386480529	0.949383710866	0.374362970467	0.373778425422	0.537929543981	0.463162810003
Glint	0.698891300522	0.501931803449	0.672620849733	0.404434939217	0.508983509722	0.496737396684	0.2533714951	0.434059348049	0.586821278937	0.658296667881	0.664737183647	0.460371999267	0.37335820163	0.0	0.711892421908	0.534455231931	0.620621460462	0.590877705222	0.486176668914	0.552534702893	0.362418215127	0.512025880257	0.416502098247	0.786787260521	0.383122298885	0.981222660834	0.584064665127	0.455136904287	0.7783777646	0.790357867169	0.432269092241	0.442062461414	0.596117634976	0.665003944723	0.575222891285	0.487899960451	0.479452662394	0.557567127746	0.415634285714	0.970403255642	0.973350321176	0.920020325203	0.507767491756	0.507035785745	0.568042412847	0.619655755583
Grace	0.366995218113	0.606435405713	0.301164973969	0.676616345355	0.616874202172	0.553687549564	0.62073897497	0.684290449282	0.614250674516	0.236237316371	0.717801859711	0.502630295876	0.601464496521	0.711892421908	0.0	0.698457188213	0.605277744784	0.524755504819	0.663720549825	0.488557169692	0.623020471224	0.605328827658	0.668196131354	0.57246559294	0.599236279435	0.993248849664	0.468240532455	0.429861357981	0.699426648935	0.549714663117	0.684243332334	0.676942957356	0.36882416397	0.4283587908	0.563012135671	0.639555509779	0.627732352311	0.620948240728	0.602137584581	0.986542112287	0.99002240253	0.96267743968	0.548711888442	0.509469219787	0.722023229674	0.536857643694
Honor	0.628206121658	0.600476917606	0.673605450099	0.504890794587	0.482982171799	0.503674436981	0.460392312265	0.491196170046	0.658796460177	0.672141722906	0.676345594239	0.542175507581	0.511275071871	0.534455231931	0.698457188213	0.0	0.722772016634	0.59326558876	0.642043887641	0.456452432657	0.552895557616	0.607283236994	0.555390156062	0.665937580137	0.444118912496	0.98728026297	0.564883500539	0.547969671441	0.632690417274	0.633942362551	0.36446004967	0.42993862848	0.70422701744	0.740515553127	0.569804945477	0.58204071157	0.659249443248	0.648466131357	0.446331521739	0.975286723716	0.981409594359	0.938870064311	0.481067472306	0.51822946337	0.647115269282	0.679028009543
Inlet	0.533375585223	0.512396815389	0.512818210389	0.651057170037	0.569278261091	0.510645488341	0.550898879576	0.706561408455	0.584035580524	0.614173696091	0.656646567786	0.492864354517	0.447805096	0.620621460462	0.605277744784	0.722772016634	0.0	0.452537751939	0.577499227116	0.479285086434	0.534665723382	0.57040500166	0.659091641685	0.68318933198	0.583845097898	0.992600859788	0.430574278781	0.56822912748	0.715736599969	0.655404892748	0.704928853404	0.652895798254	0.436381393659	0.389913512714	0.516334639369	0.484148567147	0.584900105715	0.614418699069	0.568975854363	0.985502172615	0.990056730273	0.959811833408	0.492622786836	0.440912903368	0.606707366183	0.402542327274
Joker	0.494894153041	0.396617190197	0.441664955158	0.522609279883	0.519482811172	0.417056351098	0.493659800398	0.608797555769	0.422574335541	0.542208671289	0.499673741987	0.395286265877	0.511253022506	0.590877705222	0.524755504819	0.59326558876	0.452537751939	0.0	0.497504763633	0.354218398106	0.440095769535	0.489855794022	0.537280654069	0.590808698607	0.530781967336	0.989111269218	0.344837582582	0.495423071488	0.653928179057	0.516653106218	0.618965627192	0.617828714866	0.506187585939	0.467010969219	0.409608875184	0.546670665867	0.534053722389	0.500916668242	0.503933299611	0.978524398499	0.984206305139	0.93830612429	0.406154664497	0.349822278855	0.457848079263	0.436798959011
Kneel	0.638339485428	0.344128801098	0.554814466886	0.495394473368	0.525238847514	0.518364851291	0.451318902813	0.608762072448	0.543058404614	0.700667704732	0.501921240772	0.449117989682	0.459630358982	0.486176668914	0.663720549825	0.642043887641	0.577499227116	0.497504763633	0.0	0.5534998253	0.35208558157	0.536007137698	0.575168368455	0.613874111312	0.556828774754	0.98454364908	0.526145877678	0.58953855183	0.732208372671	0.678237391291	0.562239772961	0.640156453716	0.504981379508	0.595648297631	0.485083153485	0.523220029558	0.49768719575	0.531684345282	0.529086907777	0.96974761109	0.978153356556	0.92322377158	0.545786609198	0.522189937299	0.451260207819	0.542261948733
Knife	0.365795751841	0.462655746885	0.444158240744	0.438455141828	0.37366896859	0.316410093901	0.454445131841	0.533987571992	0.480656773547	0.453932959031	0.509596525637	0.371479071262	0.380441349944	0.552534702893	0.488557169692	0.456452432657	0.479285086434	0.354218398106	0.5534998253	0.0	0.436616246104	0.470222251253	0.552199580285	0.562924765305	0.327554775909	0.990408573342	0.266306582174	0.373826197097	0.562489779231	0.570492610837	0.503765393816	0.426775689529	0.518890346377	0.42405187053	0.398127798128	0.421886771394	0.505795508089	0.4957431744	0.292303743041	0.981333333333	0.986155655335	0.945947358791	0.261140212139	0.231380337637	0.554505899416	0.421122079953
Latch	0.604733727811	0.32971991832	0.494946826078	0.299361318849	0.403546070841	0.395856873823	0.357287975431	0.467301101765	0.458602150538	0.60274879947	0.455724632195	0.323115420707	0.363068585814	0.362418215127	0.623020471224	0.552895557616	0.534665723382	0.440095769535	0.35208558157	0.436616246104	0.0	0.382449725777	0.497582811101	0.665503069489	0.421770881999	0.982164449819	0.394067317478	0.488693614528	0.696800766522	0.647599767745	0.556572793313	0.512470098804	0.501377688172	0.580965766489	0.394693728952	0.428128632313	0.444504578616	0.391540934949	0.355257290645	0.965040203766	0.97472290486	0.907419882591	0.3949844479	0.448708035312	0.367655388284	0.510058877445
Lemon	0.599175459058	0.51467754732	0.528521321765	0.433383634328	0.414061061393	0.388680531879	0.515413228441	0.480618790089	0.502007271626	0.61724478652	0.533703913783	0.356379303337	0.38408427016	0.512025880257	0.605328827658	0.607283236994	0.57040500166	0.489855794022	0.536007137698	0.470222251253	0.382449725777	0.0	0.56920807208	0.707097330714	0.377751180265	0.985347382285	0.407511737089	0.497322936505	0.644338588155	0.613824060084	0.584626917521	0.476153304267	0.545647823912	0.601145764001	0.413629225556	0.439206124572	0.522995201517	0.474620081109	0.380486815416	0.971476441502	0.980071349489	0.922076892588	0.42427712568	0.470326498707	0.526070591951	0.527659512635
Magic	0.639868951613	0.498124907722	0.598166344011	0.501621481385	0.584801162157	0.435138230002	0.365637319317	0.405931198102	0.642558390902	0.663666636666	0.683429416112	0.478642571106	0.565307667352	0.416502098247	0.668196131354	0.555390156062	0.659091641685	0.537280654069	0.575168368455	0.552199580285	0.497582811101	0.56920807208	0.0	0.678745391683	0.488398772478	0.974654705966	0.524037240796	0.470313601128	0.746596746288	0.682636694808	0.50768399973	0.620230407116	0.633121113966	0.700484530222	0.477323965816	0.637182586417	0.677106286054	0.661892110431	0.551344430218	0.96132480135	0.963924453562	0.894926568758	0.510364170209	0.598180331947	0.598024726958	0.635062917243
Mover	0.503738752539	0.635024270185	0.456856052496	0.664125164477	0.715599935952	0.613411392508	0.664906573376	0.760175814435	0.65497537239	0.606654327613	0.64879934323	0.664082768597	0.670250289229	0.786787260521	0.57246559294	0.665937580137	0.68318933198	0.590808698607	0.613874111312	0.562924765305	0.665503069489	0.707097330714	0.678745391683	0.0	0.699344647958	0.990953500995	0.559072639528	0.480778290103	0.758578283134	0.463761445666	0.637987435949	0.794757606551	0.511338548513	0.544032721331	0.609963528644	0.730045727116	0.736814589292	0.716623643941	0.707817185562	0.982554549197	0.987209902011	0.95699467481	0.624080476943	0.595462016634	0.630053831176	0.628058453108
North	0.505541636588	0.551823322933	0.563451940626	0.333807079879	0.353392560773	0.292241713621	0.385354911072	0.379663975562	0.488907214836	0.530430071114	0.583886394691	0.315016805812	0.332059781998	0.383122298885	0.599236279435	0.444118912496	0.583845097898	0.530781967336	0.556828774754	0.327554775909	0.421770881999	0.377751180265	0.488398772478	0.699344647958	0.0	0.983400141476	0.408331648873	0.339813951719	0.62868330886	0.716902274124	0.401341033293	0.302597507687	0.596169325032	0.619914862114	0.402317624986	0.394290651211	0.483575184017	0.443319692727	0.209461360341	0.968849391955	0.976615326822	0.917159763314	0.313862530068	0.370075512746	0.52220503123	0.521725900682
Novel	0.992734716815	0.982477849824	0.991190499367	0.979503901246	0.988418766862	0.984532499131	0.984343566868	0.978286940605	0.987818383167	0.99324579277	0.982939046769	0.985846445797	0.989009302183	0.981222660834	0.993248849664	0.98728026297	0.992600859788	0.989111269218	0.98454364908	0.990408573342	0.982164449819	0.985347382285	0.974654705966	0.990953500995	0.983400141476	0.0	0.989582713257	0.988722988723	0.99421993793	0.992092003886	0.98849939898	0.987836845968	0.991212302776	0.994055526036	0.985378206175	0.989751561735	0.986830783045	0.983210912907	0.986135181976	0.470483005367	0.418947368421	0.761760242792	0.988866649987	0.991739416127	0.974717704708	0.992117041887
Ocean	0.39070327553	0.461407417114	0.354210965467	0.471937762959	0.383693874984	0.307095856304	0.475392296719	0.54746519355	0.470777652552	0.455125379851	0.543473780842	0.329664319409	0.419702980832	0.584064665127	0.468240532455	0.564883500539	0.430574278781	0.344837582582	0.526145877678	0.266306582174	0.394067317478	0.407511737089	0.524037240796	0.559072639528	0.408331648873	0.989582713257	0.0	0.405942118227	0.643152380649	0.510874756367	0.579748417845	0.485774363122	0.475583458441	0.411010509643	0.365107976013	0.478859766597	0.545167909514	0.452122554448	0.317770724549	0.97939182187	0.984624061266	0.942314375072	0.254670961804	0.318334080658	0.484808119252	0.413217956759
Outer	0.366802975809	0.568777271405	0.33436387225	0.475770562057	0.478334088995	0.372687483909	0.352400973667	0.562207393285	0.558598028478	0.391318777707	0.627287724406	0.391697260661	0.390537264409	0.455136904287	0.429861357981	0.547969671441	0.56822912748	0.495423071488	0.58953855183	0.373826197097	0.488693614528	0.497322936505	0.470313601128	0.480778290103	0.339813951719	0.988722988723	0.405942118227	0.0	0.671410455122	0.511405561947	0.481067859614	0.470428359428	0.391077879526	0.458476186317	0.446513626759	0.495484046657	0.566989723021	0.526219232533	0.392881057269	0.977945553084	0.983541162798	0.941370869033	0.386024187691	0.363560169789	0.607332262395	0.47693033867
Overt	0.596160991834	0.689858519785	0.692422766148	0.679491305075	0.59948959949	0.619015694772	0.716889938955	0.687917441525	0.683148605876	0.73651987773	0.611095961724	0.632812408955	0.630220866277	0.7783777646	0.699426648935	0.632690417274	0.715736599969	0.653928179057	0.732208372671	0.562489779231	0.696800766522	0.644338588155	0.746596746288	0.758578283134	0.62868330886	0.99421993793	0.643152380649	0.671410455122	0.0	0.747952736366	0.670456536979	0.631577766308	0.715643674618	0.704900653476	0.620795538771	0.497585352539	0.67076245931	0.676390815037	0.637661082849	0.988833218718	0.991637973438	0.968592822603	0.640310949173	0.570587721935	0.754705346131	0.651457949954
Paint	0.523014695681	0.626673741378	0.448727152895	0.650739569854	0.665243910649	0.628470197784	0.681814776524	0.764459626913	0.638949581564	0.602328678042	0.631156500828	0.589671673727	0.685773336124	0.790357867169	0.549714663117	0.633942362551	0.655404892748	0.516653106218	0.678237391291	0.570492610837	0.647599767745	0.613824060084	0.682636694808	0.463761445666	0.716902274124	0.992092003886	0.510874756367	0.511405561947	0.747952736366	0.0	0.747722888984	0.7903595177	0.510526503914	0.531657364624	0.6048801182	0.716150206075	0.753611693388	0.704477105535	0.690224217836	0.984381329612	0.989222096956	0.955170048459	0.60280022676	0.573554407021	0.6506660225	0.624045414611
Quiet	0.627014696533	0.62743083004	0.668060820546	0.502554077064	0.498774489645	0.510006927153	0.403037756041	0.449740484429	0.642015077665	0.653217587319	0.699050632911	0.517516295272	0.498967762427	0.432269092241	0.684243332334	0.36446004967	0.704928853404	0.618965627192	0.562239772961	0.503765393816	0.556572793313	0.584626917521	0.50768399973	0.637987435949	0.401341033293	0.98849939898	0.579748417845	0.481067859614	0.670456536979	0.747722888984	0.0	0.301348969631	0.696705605155	0.71960141689	0.578360452616	0.577425000768	0.638308300949	0.648385024239	0.467957336201	0.978162553301	0.982897123607	0.947974144726	0.498372693313	0.482858277747	0.650793650794	0.658663550409
Quirk	0.562989250894	0.642453024985	0.63718461028	0.467324508271	0.37080568397	0.424350643015	0.425557317049	0.447379169503	0.581849692768	0.581292856176	0.663773506923	0.436333401842	0.406282894737	0.442062461414	0.676942957356	0.42993862848	0.652895798254	0.617828714866	0.640156453716	0.426775689529	0.512470098804	0.476153304267	0.620230407116	0.794757606551	0.302597507687	0.987836845968	0.485774363122	0.470428359428	0.631577766308	0.7903595177	0.301348969631	0.0	0.662990788337	0.65829668404	0.543283185673	0.469411092053	0.587888492612	0.499115727847	0.306947682552	0.980198707705	0.982022158735	0.946251480792	0.419165157882	0.412611696947	0.614115533705	0.6167035852
Roast	0.447920623925	0.514989561587	0.31338219999	0.639200647363	0.584163502983	0.512219244513	0.509961943139	0.687003512564	0.593075487108	0.450105744745	0.659329823682	0.43961456762	0.437857291162	0.596117634976	0.36882416397	0.70422701744	0.436381393659	0.506187585939	0.504981379508	0.518890346377	0.501377688172	0.545647823912	0.633121113966	0.511338548513	0.596169325032	0.991212302776	0.475583458441	0.391077879526	0.715643674618	0.510526503914	0.696705605155	0.662990788337	0.0	0.326919996797	0.508136417482	0.472832587456	0.570518516287	0.602856294733	0.57417768214	0.982550769307	0.988093755449	0.958624054647	0.529840330505	0.489961596422	0.627034770152	0.473226214545
Rocky	0.326391041891	0.525230188774	0.353624222249	0.655750902433	0.595983775517	0.560490489524	0.596740260682	0.733520077164	0.60002704652	0.460387791996	0.652388035449	0.518100876266	0.488059039313	0.665003944723	0.4283587908	0.740515553127	0.389913512714	0.467010969219	0.595648297631	0.42405187053	0.580965766489	0.601145764001	0.700484530222	0.544032721331	0.619914862114	0.994055526036	0.411010509643	0.458476186317	0.704900653476	0.531657364624	0.71960141689	0.65829668404	0.326919996797	0.0	0.567809876192	0.523161022236	0.6167450242	0.645298616439	0.556906181067	0.988443517277	0.991544391942	0.967297818765	0.461858499608	0.379807129192	0.655578252459	0.438341909553
Shore	0.497849200552	0.433130939214	0.434133022457	0.418713960362	0.427019488384	0.361405891841	0.473874717881	0.507197756803	0.450449090497	0.584561112264	0.495470257326	0.390816698384	0.421982249043	0.575222891285	0.563012135671	0.569804945477	0.516334639369	0.409608875184	0.485083153485	0.398127798128	0.394693728952	0.413629225556	0.477323965816	0.609963528644	0.402317624986	0.985378206175	0.365107976013	0.446513626759	0.620795538771	0.6048801182	0.578360452616	0.543283185673	0.508136417482	0.567809876192	0.0	0.483454288968	0.541521572331	0.432210535659	0.39694471387	0.971045054544	0.9798982706	0.917617436462	0.408089022042	0.43767238278	0.440559440559	0.444838929384
Smart	0.475759987645	0.537172813256	0.598250381072	0.51512799115	0.413470894404	0.405985811152	0.489295513728	0.527412542832	0.534095400718	0.624094234005	0.464670922298	0.40530118866	0.326360457819	0.487899960451	0.639555509779	0.58204071157	0.484148567147	0.546670665867	0.523220029558	0.421886771394	0.428128632313	0.439206124572	0.637182586417	0.730045727116	0.394290651211	0.989751561735	0.478859766597	0.495484046657	0.497585352539	0.716150206075	0.577425000768	0.469411092053	0.472832587456	0.523161022236	0.483454288968	0.0	0.400478045906	0.500714040384	0.385480658174	0.980522456462	0.985356609624	0.941969667237	0.443109348852	0.397882154226	0.580418714126	0.502624274539
Spark	0.555526381431	0.537294835439	0.659207853256	0.481743606241	0.541655651316	0.467393286198	0.515718030522	0.603631364369	0.50029869119	0.682466067625	0.470370688914	0.488681035651	0.43857564751	0.479452662394	0.627732352311	0.659249443248	0.584900105715	0.534053722389	0.49768719575	0.505795508089	0.444504578616	0.522995201517	0.677106286054	0.736814589292	0.483575184017	0.986830783045	0.545167909514	0.566989723021	0.67076245931	0.753611693388	0.638308300949	0.587888492612	0.570518516287	0.6167450242	0.541521572331	0.400478045906	0.0	0.350299084779	0.503141128487	0.974278917633	0.980835197614	0.931388497271	0.499494178769	0.4818510086	0.495671102756	0.542412844552
Storm	0.555391432792	0.534828981243	0.567240652463	0.442737578133	0.472614563716	0.438873342814	0.531025593813	0.581606039808	0.439346780387	0.656510749327	0.471591606332	0.431729008632	0.429705578027	0.557567127746	0.620948240728	0.648466131357	0.614418699069	0.500916668242	0.531684345282	0.4957431744	0.391540934949	0.474620081109	0.661892110431	0.716623643941	0.443319692727	0.983210912907	0.452122554448	0.526219232533	0.676390815037	0.704477105535	0.648385024239	0.499115727847	0.602856294733	0.645298616439	0.432210535659	0.500714040384	0.350299084779	0.0	0.43463128127	0.966794380587	0.975780025645	0.922922374429	0.451767571064	0.51327657689	0.404956293454	0.546336025897
Trend	0.466176667112	0.529630366979	0.533163882837	0.356014984115	0.310263908444	0.295626822157	0.41566743263	0.451563150293	0.479591836735	0.508717054661	0.563442336219	0.342598115233	0.321604112753	0.415634285714	0.602137584581	0.446331521739	0.568975854363	0.503933299611	0.529086907777	0.292303743041	0.355257290645	0.380486815416	0.551344430218	0.707817185562	0.209461360341	0.986135181976	0.317770724549	0.392881057269	0.637661082849	0.690224217836	0.467957336201	0.306947682552	0.57417768214	0.556906181067	0.39694471387	0.385480658174	0.503141128487	0.43463128127	0.0	0.972773148691	0.979826523804	0.921814451789	0.228255528256	0.387008991955	0.498835870539	0.527484945145
Truce	0.985840283194	0.965551084503	0.982698039596	0.961035218168	0.976970133141	0.969988357552	0.969358968795	0.963416156824	0.976815383028	0.986761691645	0.966368374471	0.972986768228	0.978685721265	0.970403255642	0.986542112287	0.975286723716	0.985502172615	0.978524398499	0.96974761109	0.981333333333	0.965040203766	0.971476441502	0.96132480135	0.982554549197	0.968849391955	0.470483005367	0.97939182187	0.977945553084	0.988833218718	0.984381329612	0.978162553301	0.980198707705	0.982550769307	0.988443517277	0.971045054544	0.980522456462	0.974278917633	0.966794380587	0.972773148691	0.0	0.446153846154	0.701272605492	0.978476563715	0.983920349639	0.952861952862	0.984384011357
Unity	0.989662840315	0.975559278605	0.98747055824	0.970460469157	0.983008036739	0.977842212317	0.977261837348	0.967741935484	0.982267913202	0.99039457576	0.974721042757	0.979515461887	0.984386480529	0.973350321176	0.99002240253	0.981409594359	0.990056730273	0.984206305139	0.978153356556	0.986155655335	0.97472290486	0.980071349489	0.963924453562	0.987209902011	0.976615326822	0.418947368421	0.984624061266	0.983541162798	0.991637973438	0.989222096956	0.982897123607	0.982022158735	0.988093755449	0.991544391942	0.9798982706	0.985356609624	0.980835197614	0.975780025645	0.979826523804	0.446153846154	0.0	0.645138396026	0.983721582936	0.988010210055	0.965989274626	0.988399484422
Value	0.957013396375	0.913611203104	0.957407319279	0.901811354098	0.935074055158	0.9248434238	0.93218487395	0.908565297729	0.931210191083	0.968667729615	0.915248613547	0.929388439835	0.949383710866	0.920020325203	0.96267743968	0.938870064311	0.959811833408	0.93830612429	0.92322377158	0.945947358791	0.907419882591	0.922076892588	0.894926568758	0.95699467481	0.917159763314	0.761760242792	0.942314375072	0.941370869033	0.968592822603	0.955170048459	0.947974144726	0.946251480792	0.958624054647	0.967297818765	0.917617436462	0.941969667237	0.931388497271	0.922922374429	0.921814451789	0.701272605492	0.645138396026	0.0	0.941233667578	0.954163413402	0.887579087579	0.955280207674
Vapor	0.436365422879	0.519258615696	0.478592262396	0.430709920846	0.360210370084	0.265309112218	0.412244298358	0.504753873722	0.486344398889	0.469218402761	0.583190029949	0.308828182681	0.374362970467	0.507767491756	0.548711888442	0.481067472306	0.492622786836	0.406154664497	0.545786609198	0.261140212139	0.3949844479	0.42427712568	0.510364170209	0.624080476943	0.313862530068	0.988866649987	0.254670961804	0.386024187691	0.640310949173	0.60280022676	0.498372693313	0.419165157882	0.529840330505	0.461858499608	0.408089022042	0.443109348852	0.499494178769	0.451767571064	0.228255528256	0.978476563715	0.983721582936	0.941233667578	0.0	0.357797423319	0.534166794386	0.475653276513
Water	0.338431790036	0.465874325255	0.442150744119	0.474462139322	0.44036242461	0.413953773527	0.404614864657	0.601005665478	0.519993251223	0.484900033602	0.451779904153	0.378513669619	0.373778425422	0.507035785745	0.509469219787	0.51822946337	0.440912903368	0.349822278855	0.522189937299	0.231380337637	0.448708035312	0.470326498707	0.598180331947	0.595462016634	0.370075512746	0.991739416127	0.318334080658	0.363560169789	0.570587721935	0.573554407021	0.482858277747	0.412611696947	0.489961596422	0.379807129192	0.43767238278	0.397882154226	0.4818510086	0.51327657689	0.387008991955	0.983920349639	0.988010210055	0.954163413402	0.357797423319	0.0	0.548704469978	0.361198140816
Woven	0.63691891126	0.4	0.565934767928	0.418872080593	0.545939080538	0.458938250756	0.538604600279	0.622545700745	0.439907966098	0.743542075831	0.32864737153	0.502551870945	0.537929543981	0.568042412847	0.722023229674	0.647115269282	0.606707366183	0.457848079263	0.451260207819	0.554505899416	0.367655388284	0.526070591951	0.598024726958	0.630053831176	0.52220503123	0.974717704708	0.484808119252	0.607332262395	0.754705346131	0.6506660225	0.650793650794	0.614115533705	0.627034770152	0.655578252459	0.440559440559	0.580418714126	0.495671102756	0.404956293454	0.498835870539	0.952861952862	0.965989274626	0.887579087579	0.534166794386	0.548704469978	0.0	0.556003003208
Zebra	0.444594007356	0.479003800637	0.466448636337	0.609316498371	0.541893028285	0.464753697863	0.516449272136	0.664745055164	0.551396777401	0.591374696238	0.577188263303	0.475485913173	0.463162810003	0.619655755583	0.536857643694	0.679028009543	0.402542327274	0.436798959011	0.542261948733	0.421122079953	0.510058877445	0.527659512635	0.635062917243	0.628058453108	0.521725900682	0.992117041887	0.413217956759	0.47693033867	0.651457949954	0.624045414611	0.658663550409	0.6167035852	0.473226214545	0.438341909553	0.444838929384	0.502624274539	0.542412844552	0.546336025897	0.527484945145	0.984384011357	0.988399484422	0.955280207674	0.475653276513	0.361198140816	0.556003003208	0.0